0.000000000000000000e+00,4.085976974665807211e+04,2.000000000000000000e+00
0.000000000000000000e+00,5.337898141000884789e+04,2.000000000000000000e+00
0.000000000000000000e+00,5.337898141000884789e+04,2.000000000000000000e+00
0.000000000000000000e+00,4.085976974665807211e+04,2.000000000000000000e+00
0.000000000000000000e+00,4.085976974665807211e+04,2.000000000000000000e+00
0.000000000000000000e+00,5.337898141000884789e+04,2.000000000000000000e+00
0.000000000000000000e+00,5.337898141000884789e+04,2.000000000000000000e+00
0.000000000000000000e+00,4.085976974665807211e+04,2.000000000000000000e+00
0.000000000000000000e+00,5.337898141000884789e+04,2.000000000000000000e+00
0.000000000000000000e+00,4.085976974665807211e+04,2.000000000000000000e+00
0.000000000000000000e+00,4.085976974665807211e+04,2.000000000000000000e+00
0.000000000000000000e+00,4.085976974665807211e+04,2.000000000000000000e+00
0.000000000000000000e+00,5.337898141000884789e+04,2.000000000000000000e+00
0.000000000000000000e+00,5.337898141000884789e+04,2.000000000000000000e+00
0.000000000000000000e+00,5.337898141000884789e+04,2.000000000000000000e+00
0.000000000000000000e+00,4.085976974665807211e+04,2.000000000000000000e+00
0.000000000000000000e+00,5.337898141000884789e+04,2.000000000000000000e+00
0.000000000000000000e+00,4.085976974665807211e+04,2.000000000000000000e+00
0.000000000000000000e+00,5.337898141000884789e+04,2.000000000000000000e+00
0.000000000000000000e+00,4.085976974665807211e+04,2.000000000000000000e+00
0.000000000000000000e+00,4.085976974665807211e+04,2.000000000000000000e+00
0.000000000000000000e+00,5.337898141000884789e+04,2.000000000000000000e+00
0.000000000000000000e+00,5.337898141000884789e+04,2.000000000000000000e+00
0.000000000000000000e+00,4.085976974665807211e+04,2.000000000000000000e+00
0.000000000000000000e+00,5.337898141000884789e+04,2.000000000000000000e+00
0.000000000000000000e+00,4.085976974665807211e+04,2.000000000000000000e+00
0.000000000000000000e+00,4.085976974665807211e+04,2.000000000000000000e+00
0.000000000000000000e+00,4.085976974665807211e+04,2.000000000000000000e+00
0.000000000000000000e+00,5.337898141000884789e+04,2.000000000000000000e+00
0.000000000000000000e+00,5.337898141000884789e+04,2.000000000000000000e+00
0.000000000000000000e+00,4.085976974665807211e+04,2.000000000000000000e+00
0.000000000000000000e+00,4.085976974665807211e+04,2.000000000000000000e+00
0.000000000000000000e+00,4.085976974665807211e+04,2.000000000000000000e+00
0.000000000000000000e+00,4.085976974665807211e+04,2.000000000000000000e+00
0.000000000000000000e+00,4.085976974665807211e+04,2.000000000000000000e+00
0.000000000000000000e+00,4.085976974665807211e+04,2.000000000000000000e+00
0.000000000000000000e+00,5.337898141000884789e+04,2.000000000000000000e+00
0.000000000000000000e+00,4.085976974665807211e+04,2.000000000000000000e+00
0.000000000000000000e+00,5.337898141000884789e+04,2.000000000000000000e+00
0.000000000000000000e+00,5.337898141000884789e+04,2.000000000000000000e+00
0.000000000000000000e+00,5.337898141000884789e+04,2.000000000000000000e+00
0.000000000000000000e+00,5.337898141000884789e+04,2.000000000000000000e+00
0.000000000000000000e+00,4.085976974665807211e+04,2.000000000000000000e+00
0.000000000000000000e+00,4.085976974665807211e+04,2.000000000000000000e+00
0.000000000000000000e+00,5.337898141000884789e+04,2.000000000000000000e+00
0.000000000000000000e+00,4.085976974665807211e+04,2.000000000000000000e+00
0.000000000000000000e+00,5.337898141000884789e+04,2.000000000000000000e+00
0.000000000000000000e+00,5.337898141000884789e+04,2.000000000000000000e+00
0.000000000000000000e+00,5.337898141000884789e+04,2.000000000000000000e+00
0.000000000000000000e+00,4.085976974665807211e+04,2.000000000000000000e+00
0.000000000000000000e+00,5.337898141000884789e+04,2.000000000000000000e+00
0.000000000000000000e+00,5.337898141000884789e+04,2.000000000000000000e+00
0.000000000000000000e+00,4.085976974665807211e+04,2.000000000000000000e+00
0.000000000000000000e+00,4.085976974665807211e+04,2.000000000000000000e+00
0.000000000000000000e+00,4.085976974665807211e+04,2.000000000000000000e+00
0.000000000000000000e+00,5.337898141000884789e+04,2.000000000000000000e+00
0.000000000000000000e+00,5.337898141000884789e+04,2.000000000000000000e+00
0.000000000000000000e+00,5.337898141000884789e+04,2.000000000000000000e+00
0.000000000000000000e+00,5.337898141000884789e+04,2.000000000000000000e+00
0.000000000000000000e+00,4.085976974665807211e+04,2.000000000000000000e+00
0.000000000000000000e+00,4.085976974665807211e+04,2.000000000000000000e+00
0.000000000000000000e+00,4.085976974665807211e+04,2.000000000000000000e+00
0.000000000000000000e+00,4.085976974665807211e+04,2.000000000000000000e+00
0.000000000000000000e+00,5.337898141000884789e+04,2.000000000000000000e+00
0.000000000000000000e+00,5.337898141000884789e+04,2.000000000000000000e+00
0.000000000000000000e+00,5.337898141000884789e+04,2.000000000000000000e+00
0.000000000000000000e+00,5.337898141000884789e+04,2.000000000000000000e+00
0.000000000000000000e+00,5.337898141000884789e+04,2.000000000000000000e+00
0.000000000000000000e+00,5.337898141000884789e+04,2.000000000000000000e+00
0.000000000000000000e+00,5.337898141000884789e+04,2.000000000000000000e+00
0.000000000000000000e+00,4.085976974665807211e+04,2.000000000000000000e+00
0.000000000000000000e+00,5.337898141000884789e+04,2.000000000000000000e+00
0.000000000000000000e+00,5.337898141000884789e+04,2.000000000000000000e+00
0.000000000000000000e+00,5.337898141000884789e+04,2.000000000000000000e+00
0.000000000000000000e+00,4.085976974665807211e+04,2.000000000000000000e+00
0.000000000000000000e+00,5.337898141000884789e+04,2.000000000000000000e+00
0.000000000000000000e+00,4.085976974665807211e+04,2.000000000000000000e+00
0.000000000000000000e+00,5.337898141000884789e+04,2.000000000000000000e+00
0.000000000000000000e+00,4.085976974665807211e+04,2.000000000000000000e+00
0.000000000000000000e+00,5.337898141000884789e+04,2.000000000000000000e+00
0.000000000000000000e+00,4.085976974665807211e+04,2.000000000000000000e+00
0.000000000000000000e+00,4.085976974665807211e+04,2.000000000000000000e+00
0.000000000000000000e+00,4.085976974665807211e+04,2.000000000000000000e+00
0.000000000000000000e+00,4.085976974665807211e+04,2.000000000000000000e+00
0.000000000000000000e+00,4.085976974665807211e+04,2.000000000000000000e+00
0.000000000000000000e+00,4.085976974665807211e+04,2.000000000000000000e+00
0.000000000000000000e+00,5.337898141000884789e+04,2.000000000000000000e+00
0.000000000000000000e+00,4.085976974665807211e+04,2.000000000000000000e+00
0.000000000000000000e+00,5.337898141000884789e+04,2.000000000000000000e+00
0.000000000000000000e+00,4.085976974665807211e+04,2.000000000000000000e+00
0.000000000000000000e+00,4.085976974665807211e+04,2.000000000000000000e+00
0.000000000000000000e+00,4.085976974665807211e+04,2.000000000000000000e+00
0.000000000000000000e+00,4.085976974665807211e+04,2.000000000000000000e+00
0.000000000000000000e+00,4.085976974665807211e+04,2.000000000000000000e+00
0.000000000000000000e+00,5.337898141000884789e+04,2.000000000000000000e+00
0.000000000000000000e+00,5.337898141000884789e+04,2.000000000000000000e+00
0.000000000000000000e+00,5.337898141000884789e+04,2.000000000000000000e+00
0.000000000000000000e+00,4.085976974665807211e+04,2.000000000000000000e+00
0.000000000000000000e+00,5.337898141000884789e+04,2.000000000000000000e+00
0.000000000000000000e+00,5.337898141000884789e+04,2.000000000000000000e+00
9.997850994964176952e-01,2.490370265885272602e+04,3.000000000000000000e+00
9.997850994964175841e-01,2.490370265885272602e+04,3.000000000000000000e+00
9.997850994964175841e-01,2.490370267260326364e+04,3.000000000000000000e+00
9.997850994964175841e-01,2.490370265885272602e+04,3.000000000000000000e+00
9.997850994964175841e-01,2.490370265885272602e+04,3.000000000000000000e+00
9.997850994964176952e-01,2.490370267260326364e+04,3.000000000000000000e+00
9.997850994964176952e-01,2.490370265885272602e+04,3.000000000000000000e+00
9.997850994964176952e-01,2.490370267260326364e+04,3.000000000000000000e+00
9.997850994964175841e-01,2.490370267260326364e+04,3.000000000000000000e+00
6.104723027079009823e-01,4.739897097449156718e+04,3.000000000000000000e+00
6.105124655582486737e-01,4.739920860567225463e+04,3.000000000000000000e+00
9.997850994964175841e-01,2.490370267260326364e+04,3.000000000000000000e+00
9.997850994964175841e-01,2.490370265885272602e+04,3.000000000000000000e+00
9.997850994964176952e-01,2.490370265885272602e+04,3.000000000000000000e+00
9.997850994964175841e-01,2.490370265885272602e+04,3.000000000000000000e+00
9.997850994964175841e-01,2.490370265885272602e+04,3.000000000000000000e+00
9.997850994964175841e-01,2.490370265885272602e+04,3.000000000000000000e+00
9.997850994964175841e-01,2.490370265885272602e+04,3.000000000000000000e+00
9.997850994964176952e-01,2.490370267260326364e+04,3.000000000000000000e+00
9.997850994964175841e-01,2.490370267260326364e+04,3.000000000000000000e+00
9.997850994964176952e-01,2.490370267260326364e+04,3.000000000000000000e+00
9.997850994964176952e-01,2.490370265885272602e+04,3.000000000000000000e+00
9.997850994964176952e-01,2.490370265885272602e+04,3.000000000000000000e+00
9.997850994964176952e-01,2.490370265885272602e+04,3.000000000000000000e+00
9.997850994964176952e-01,2.490370265885272602e+04,3.000000000000000000e+00
9.997850994964176952e-01,2.490370267260326364e+04,3.000000000000000000e+00
9.997850994964176952e-01,2.490370265885272602e+04,3.000000000000000000e+00
9.997850994964175841e-01,2.490370267260326364e+04,3.000000000000000000e+00
9.997850994964175841e-01,2.490370267260326364e+04,3.000000000000000000e+00
9.997850994964176952e-01,2.490370267260326364e+04,3.000000000000000000e+00
9.997850994964175841e-01,2.490370265885272602e+04,3.000000000000000000e+00
9.997850994964175841e-01,2.490370267260326364e+04,3.000000000000000000e+00
9.997850994964175841e-01,2.490370267260326364e+04,3.000000000000000000e+00
9.997850994964175841e-01,2.490370265885272602e+04,3.000000000000000000e+00
9.997850994964175841e-01,2.490370267260326364e+04,3.000000000000000000e+00
9.997850994964175841e-01,2.490370267260326364e+04,3.000000000000000000e+00
9.997850994964176952e-01,2.490370265885272602e+04,3.000000000000000000e+00
9.997850994964176952e-01,2.490370267260326364e+04,3.000000000000000000e+00
9.997850994964176952e-01,2.490370267260326364e+04,3.000000000000000000e+00
9.997850994964176952e-01,2.490370267260326364e+04,3.000000000000000000e+00
9.997850994964175841e-01,2.490370265885272602e+04,3.000000000000000000e+00
9.997850994964176952e-01,2.490370267260326364e+04,3.000000000000000000e+00
9.997850994964176952e-01,2.490370267260326364e+04,3.000000000000000000e+00
9.997850994964176952e-01,2.490370267260326364e+04,3.000000000000000000e+00
9.997850994964176952e-01,2.490370267260326364e+04,3.000000000000000000e+00
9.997850994964176952e-01,2.490370267260326364e+04,3.000000000000000000e+00
9.997850994964175841e-01,2.490370265885272602e+04,3.000000000000000000e+00
9.997850994964176952e-01,2.490370267260326364e+04,3.000000000000000000e+00
9.997850994964176952e-01,2.490370265885272602e+04,3.000000000000000000e+00
9.997850994964175841e-01,2.490370267260326364e+04,3.000000000000000000e+00
9.997850994964175841e-01,2.490370265885272602e+04,3.000000000000000000e+00
9.997850994964175841e-01,2.490370265885272602e+04,3.000000000000000000e+00
9.997850994964176952e-01,2.490370265885272602e+04,3.000000000000000000e+00
9.997850994964175841e-01,2.490370265885272602e+04,3.000000000000000000e+00
9.997850994964176952e-01,2.490370267260326364e+04,3.000000000000000000e+00
9.997850994964175841e-01,2.490370267260326364e+04,3.000000000000000000e+00
9.997850994964176952e-01,2.490370267260326364e+04,3.000000000000000000e+00
9.997850994964176952e-01,2.490370267260326364e+04,3.000000000000000000e+00
9.997850994964176952e-01,2.490370265885272602e+04,3.000000000000000000e+00
9.997850994964175841e-01,2.490370265885272602e+04,3.000000000000000000e+00
9.997850994964175841e-01,2.490370267260326364e+04,3.000000000000000000e+00
9.997850994964176952e-01,2.490370265885272602e+04,3.000000000000000000e+00
9.997850994964176952e-01,2.490370265885272602e+04,3.000000000000000000e+00
9.997850994964176952e-01,2.490370265885272602e+04,3.000000000000000000e+00
9.997850994964175841e-01,2.490370267260326364e+04,3.000000000000000000e+00
9.997850994964176952e-01,2.490370265885272602e+04,3.000000000000000000e+00
9.997850994964175841e-01,2.490370265885272602e+04,3.000000000000000000e+00
9.997850994964175841e-01,2.490370267260326364e+04,3.000000000000000000e+00
9.997850994964175841e-01,2.490370265885272602e+04,3.000000000000000000e+00
9.997850994964176952e-01,2.490370265885272602e+04,3.000000000000000000e+00
9.997850994964176952e-01,2.490370265885272602e+04,3.000000000000000000e+00
9.997850994964175841e-01,2.490370265885272602e+04,3.000000000000000000e+00
9.997850994964175841e-01,2.490370267260326364e+04,3.000000000000000000e+00
9.997850994964176952e-01,2.490370265885272602e+04,3.000000000000000000e+00
9.997850994964175841e-01,2.490370265885272602e+04,3.000000000000000000e+00
9.997850994964176952e-01,2.490370265885272602e+04,3.000000000000000000e+00
9.997850994964175841e-01,2.490370267260326364e+04,3.000000000000000000e+00
9.997850994964176952e-01,2.490370265885272602e+04,3.000000000000000000e+00
9.997850994964175841e-01,2.490370267260326364e+04,3.000000000000000000e+00
9.997850994964176952e-01,2.490370267260326364e+04,3.000000000000000000e+00
9.997850994964175841e-01,2.490370267260326364e+04,3.000000000000000000e+00
9.997850994964175841e-01,2.490370267260326364e+04,3.000000000000000000e+00
9.997850994964175841e-01,2.490370267260326364e+04,3.000000000000000000e+00
9.997850994964175841e-01,2.490370267260326364e+04,3.000000000000000000e+00
9.997850994964176952e-01,2.490370265885272602e+04,3.000000000000000000e+00
9.997850994964176952e-01,2.490370265885272602e+04,3.000000000000000000e+00
9.997850994964175841e-01,2.490370267260326364e+04,3.000000000000000000e+00
6.105124655582486737e-01,4.739920860567225463e+04,3.000000000000000000e+00
9.997850994964176952e-01,2.490370265885272602e+04,3.000000000000000000e+00
9.997850994964175841e-01,2.490370265885272602e+04,3.000000000000000000e+00
9.997850994964176952e-01,2.490370267260326364e+04,3.000000000000000000e+00
9.997850994964175841e-01,2.490370267260326364e+04,3.000000000000000000e+00
9.997850994964175841e-01,2.490370267260326364e+04,3.000000000000000000e+00
7.071391409559183439e-01,3.638540249414674327e+04,3.000000000000000000e+00
9.997850994964176952e-01,2.490370265885272602e+04,3.000000000000000000e+00
9.997850994964175841e-01,2.490370267260326364e+04,3.000000000000000000e+00
9.997850994964176952e-01,2.490370267260326364e+04,3.000000000000000000e+00
9.997850994964176952e-01,2.490370267260326364e+04,3.000000000000000000e+00
9.997850994964176952e-01,2.490370267260326364e+04,3.000000000000000000e+00
9.997850994964176952e-01,2.490370267260326364e+04,3.000000000000000000e+00
9.910965834597552648e-01,1.908001910384992880e+04,4.000000000000000000e+00
9.910965834597552648e-01,1.907929366311375270e+04,4.000000000000000000e+00
9.910965834597552648e-01,1.908001910384992880e+04,4.000000000000000000e+00
7.606159596303991854e-01,2.101344150675742276e+04,4.000000000000000000e+00
9.910965834597552648e-01,1.908001910384992880e+04,4.000000000000000000e+00
9.910965834597552648e-01,1.907929366311375270e+04,4.000000000000000000e+00
9.910965834597552648e-01,1.907929366311375270e+04,4.000000000000000000e+00
9.934821723462766707e-01,1.907996352189194295e+04,4.000000000000000000e+00
9.910965834597552648e-01,1.908001910384992880e+04,4.000000000000000000e+00
7.606159596303991854e-01,2.101344150675742276e+04,4.000000000000000000e+00
7.604160529405076252e-01,2.101344271018304062e+04,4.000000000000000000e+00
7.603878034266857711e-01,2.045245253845311890e+04,4.000000000000000000e+00
9.910965834597552648e-01,1.907929366311375270e+04,4.000000000000000000e+00
9.915831744691442351e-01,1.907929531594635046e+04,4.000000000000000000e+00
9.910965834597552648e-01,1.907929366311375270e+04,4.000000000000000000e+00
9.910965834597552648e-01,1.908001910384992880e+04,4.000000000000000000e+00
9.910965834597552648e-01,1.908001910384992880e+04,4.000000000000000000e+00
9.910965834597552648e-01,1.908001910384992880e+04,4.000000000000000000e+00
9.910965834597552648e-01,1.908001910384992880e+04,4.000000000000000000e+00
7.603878034266857711e-01,2.045245253845311890e+04,4.000000000000000000e+00
9.915831744691442351e-01,1.907929531594635046e+04,4.000000000000000000e+00
9.910965834597552648e-01,1.907929366311375270e+04,4.000000000000000000e+00
9.910965834597552648e-01,1.907929366311375270e+04,4.000000000000000000e+00
7.601880085015684241e-01,2.045245390680790661e+04,4.000000000000000000e+00
9.910965834597552648e-01,1.907929366311375270e+04,4.000000000000000000e+00
9.910965834597552648e-01,1.908001910384992880e+04,4.000000000000000000e+00
9.910965834597552648e-01,1.908001910384992880e+04,4.000000000000000000e+00
9.910965834597552648e-01,1.908001910384992880e+04,4.000000000000000000e+00
9.910965834597552648e-01,1.907929366311375270e+04,4.000000000000000000e+00
9.910965834597552648e-01,1.907929366311375270e+04,4.000000000000000000e+00
9.910965834597552648e-01,1.907929366311375270e+04,4.000000000000000000e+00
7.604160529405076252e-01,2.101344271018304062e+04,4.000000000000000000e+00
9.910965834597552648e-01,1.907929366311375270e+04,4.000000000000000000e+00
9.910965834597552648e-01,1.908001910384992880e+04,4.000000000000000000e+00
9.910965834597552648e-01,1.908001910384992880e+04,4.000000000000000000e+00
9.910965834597552648e-01,1.907929366311375270e+04,4.000000000000000000e+00
9.910965834597552648e-01,1.907929366311375270e+04,4.000000000000000000e+00
9.910965834597552648e-01,1.907929366311375270e+04,4.000000000000000000e+00
9.910965834597552648e-01,1.908001910384992880e+04,4.000000000000000000e+00
9.910965834597552648e-01,1.907929366311375270e+04,4.000000000000000000e+00
7.601880085015683131e-01,2.045245390680790661e+04,4.000000000000000000e+00
9.910965834597552648e-01,1.907929366311375270e+04,4.000000000000000000e+00
7.601880085015683131e-01,2.045245390680790661e+04,4.000000000000000000e+00
9.910965834597552648e-01,1.908001910384992880e+04,4.000000000000000000e+00
9.936444231579167896e-01,1.907996275491300912e+04,4.000000000000000000e+00
9.910965834597552648e-01,1.908001910384992880e+04,4.000000000000000000e+00
9.910965834597552648e-01,1.907929366311375270e+04,4.000000000000000000e+00
9.910965834597552648e-01,1.907929366311375270e+04,4.000000000000000000e+00
9.910965834597552648e-01,1.907929366311375270e+04,4.000000000000000000e+00
7.603878034266857711e-01,2.045245253845311890e+04,4.000000000000000000e+00
9.910965834597552648e-01,1.907929366311375270e+04,4.000000000000000000e+00
9.910965834597552648e-01,1.907929366311375270e+04,4.000000000000000000e+00
9.910965834597552648e-01,1.907929366311375270e+04,4.000000000000000000e+00
9.910965834597552648e-01,1.907929366311375270e+04,4.000000000000000000e+00
7.604160529405076252e-01,2.101344271018304062e+04,4.000000000000000000e+00
9.910965834597552648e-01,1.908001910384992880e+04,4.000000000000000000e+00
9.910965834597552648e-01,1.908001910384992880e+04,4.000000000000000000e+00
9.910965834597552648e-01,1.907929366311375270e+04,4.000000000000000000e+00
9.910965834597552648e-01,1.907929366311375270e+04,4.000000000000000000e+00
9.910965834597552648e-01,1.907929366311375270e+04,4.000000000000000000e+00
7.604160529405076252e-01,2.101344271018304062e+04,4.000000000000000000e+00
9.910965834597552648e-01,1.907929366311375270e+04,4.000000000000000000e+00
9.910965834597552648e-01,1.907929366311375270e+04,4.000000000000000000e+00
9.913520022725649250e-01,1.907963711639325629e+04,4.000000000000000000e+00
9.910965834597552648e-01,1.908001910384992880e+04,4.000000000000000000e+00
9.910965834597552648e-01,1.908001910384992880e+04,4.000000000000000000e+00
9.910965834597552648e-01,1.908001910384992880e+04,4.000000000000000000e+00
9.910965834597552648e-01,1.907929366311375270e+04,4.000000000000000000e+00
9.910965834597552648e-01,1.907929366311375270e+04,4.000000000000000000e+00
9.910965834597552648e-01,1.908001910384992880e+04,4.000000000000000000e+00
9.910965834597552648e-01,1.908001910384992880e+04,4.000000000000000000e+00
9.910965834597552648e-01,1.907929366311375270e+04,4.000000000000000000e+00
9.910965834597552648e-01,1.908001910384992880e+04,4.000000000000000000e+00
9.910965834597552648e-01,1.908001910384992880e+04,4.000000000000000000e+00
9.910965834597552648e-01,1.907929366311375270e+04,4.000000000000000000e+00
9.910965834597552648e-01,1.908001910384992880e+04,4.000000000000000000e+00
9.910965834597552648e-01,1.907929366311375270e+04,4.000000000000000000e+00
9.910965834597552648e-01,1.908001910384992880e+04,4.000000000000000000e+00
9.910965834597552648e-01,1.907929366311375270e+04,4.000000000000000000e+00
9.910965834597552648e-01,1.907929366311375270e+04,4.000000000000000000e+00
9.910965834597552648e-01,1.908001910384992880e+04,4.000000000000000000e+00
7.601880085015683131e-01,2.045245390680790661e+04,4.000000000000000000e+00
7.603878034266857711e-01,2.045245253845311890e+04,4.000000000000000000e+00
7.601880085015683131e-01,2.045245390680790661e+04,4.000000000000000000e+00
9.910965834597552648e-01,1.908001910384992880e+04,4.000000000000000000e+00
7.601880085015683131e-01,2.045245390680790661e+04,4.000000000000000000e+00
7.606159596303991854e-01,2.101344150675742276e+04,4.000000000000000000e+00
9.910965834597552648e-01,1.907929366311375270e+04,4.000000000000000000e+00
9.910965834597552648e-01,1.907929366311375270e+04,4.000000000000000000e+00
9.915831744691442351e-01,1.907929531594635046e+04,4.000000000000000000e+00
9.910965834597552648e-01,1.907929366311375270e+04,4.000000000000000000e+00
9.910965834597552648e-01,1.907929366311375270e+04,4.000000000000000000e+00
9.915831744691442351e-01,1.907929531594635046e+04,4.000000000000000000e+00
9.910965834597552648e-01,1.908001910384992880e+04,4.000000000000000000e+00
9.910965834597552648e-01,1.908001910384992880e+04,4.000000000000000000e+00
9.910965834597552648e-01,1.907929366311375270e+04,4.000000000000000000e+00
7.601880085015683131e-01,2.045245390680790661e+04,4.000000000000000000e+00
9.910965834597552648e-01,1.907929366311375270e+04,4.000000000000000000e+00
9.910965834597552648e-01,1.908001910384992880e+04,4.000000000000000000e+00
9.910965834597552648e-01,1.907929366311375270e+04,4.000000000000000000e+00
7.803583873157394768e-01,1.662331120942799316e+04,5.000000000000000000e+00
7.803583873157394768e-01,1.662331120942799316e+04,5.000000000000000000e+00
7.804451227689569448e-01,1.638210179076025997e+04,5.000000000000000000e+00
9.218838218088432068e-01,1.468546502041701569e+04,5.000000000000000000e+00
7.803583873157394768e-01,1.662331120942799316e+04,5.000000000000000000e+00
7.804451227689569448e-01,1.638210179076025997e+04,5.000000000000000000e+00
9.218838218088430958e-01,1.468546502041701569e+04,5.000000000000000000e+00
9.218838218088432068e-01,1.468546502041701569e+04,5.000000000000000000e+00
7.804451227689569448e-01,1.638210179076025997e+04,5.000000000000000000e+00
7.786358674989530826e-01,1.662297204892006266e+04,5.000000000000000000e+00
9.218838218088430958e-01,1.524686067064014242e+04,5.000000000000000000e+00
7.804694141787581474e-01,1.638209641010180530e+04,5.000000000000000000e+00
7.786358674989530826e-01,1.662297204892006266e+04,5.000000000000000000e+00
9.218838218088430958e-01,1.524686067064014242e+04,5.000000000000000000e+00
9.218838218088430958e-01,1.468546502041701569e+04,5.000000000000000000e+00
7.804694141787581474e-01,1.638209641010180530e+04,5.000000000000000000e+00
7.803583873157394768e-01,1.662331120942799316e+04,5.000000000000000000e+00
9.218838218088430958e-01,1.468546502041701569e+04,5.000000000000000000e+00
9.218838218088430958e-01,1.468546502041701569e+04,5.000000000000000000e+00
7.803583873157394768e-01,1.662331120942799316e+04,5.000000000000000000e+00
7.792609937689238819e-01,1.638202627413720256e+04,5.000000000000000000e+00
9.218838218088430958e-01,1.468546502041701569e+04,5.000000000000000000e+00
7.804451227689569448e-01,1.638210179076025997e+04,5.000000000000000000e+00
7.804451227689569448e-01,1.638210179076025997e+04,5.000000000000000000e+00
9.218838218088430958e-01,1.468546502041701569e+04,5.000000000000000000e+00
7.803583873157394768e-01,1.662331120942799316e+04,5.000000000000000000e+00
9.218838218088430958e-01,1.524686067064014242e+04,5.000000000000000000e+00
7.792609937689238819e-01,1.638202627413720256e+04,5.000000000000000000e+00
9.218838218088432068e-01,1.468546502041701569e+04,5.000000000000000000e+00
9.218838218088430958e-01,1.468546502041701569e+04,5.000000000000000000e+00
7.804694141787581474e-01,1.638209641010180530e+04,5.000000000000000000e+00
9.218838218088432068e-01,1.468546502041701569e+04,5.000000000000000000e+00
9.218838218088430958e-01,1.524686067064014242e+04,5.000000000000000000e+00
9.218838218088430958e-01,1.468546502041701569e+04,5.000000000000000000e+00
9.218838218088430958e-01,1.524686067064014242e+04,5.000000000000000000e+00
9.218838218088432068e-01,1.468546502041701569e+04,5.000000000000000000e+00
7.792609937689238819e-01,1.638202627413720256e+04,5.000000000000000000e+00
7.786358674989530826e-01,1.662297204892006266e+04,5.000000000000000000e+00
7.804694141787581474e-01,1.638209641010180530e+04,5.000000000000000000e+00
7.804451227689569448e-01,1.638209456853244592e+04,5.000000000000000000e+00
9.218838218088430958e-01,1.468546502041701569e+04,5.000000000000000000e+00
9.218838218088430958e-01,1.468546502041701569e+04,5.000000000000000000e+00
9.218838218088430958e-01,1.468546502041701569e+04,5.000000000000000000e+00
9.218838218088430958e-01,1.524686067064014242e+04,5.000000000000000000e+00
7.786358674989530826e-01,1.662297204892006266e+04,5.000000000000000000e+00
9.218838218088430958e-01,1.524686067064014242e+04,5.000000000000000000e+00
7.792609937689238819e-01,1.638202627413720256e+04,5.000000000000000000e+00
9.218838218088432068e-01,1.468546502041701569e+04,5.000000000000000000e+00
9.218838218088430958e-01,1.468546502041701569e+04,5.000000000000000000e+00
7.804451227689569448e-01,1.638210179076025997e+04,5.000000000000000000e+00
9.218838218088430958e-01,1.468546502041701569e+04,5.000000000000000000e+00
7.792609937689238819e-01,1.638202627413720256e+04,5.000000000000000000e+00
9.218838218088430958e-01,1.468546502041701569e+04,5.000000000000000000e+00
7.792609937689238819e-01,1.638201905190938851e+04,5.000000000000000000e+00
7.786358674989530826e-01,1.662297204892006266e+04,5.000000000000000000e+00
7.786358674989530826e-01,1.662297204892006266e+04,5.000000000000000000e+00
7.792609937689238819e-01,1.638201905190938851e+04,5.000000000000000000e+00
7.792609937689238819e-01,1.638202627413720256e+04,5.000000000000000000e+00
7.792609937689238819e-01,1.638202627413720256e+04,5.000000000000000000e+00
9.218838218088430958e-01,1.524686067064014242e+04,5.000000000000000000e+00
9.218838218088432068e-01,1.468546502041701569e+04,5.000000000000000000e+00
7.804451227689569448e-01,1.638210179076025997e+04,5.000000000000000000e+00
7.804451227689569448e-01,1.638209456853244592e+04,5.000000000000000000e+00
9.218838218088430958e-01,1.524686067064014242e+04,5.000000000000000000e+00
9.218838218088430958e-01,1.468546502041701569e+04,5.000000000000000000e+00
7.804451227689569448e-01,1.638210179076025997e+04,5.000000000000000000e+00
9.218838218088430958e-01,1.468546502041701569e+04,5.000000000000000000e+00
9.218838218088430958e-01,1.524686067064014242e+04,5.000000000000000000e+00
9.218838218088430958e-01,1.524686067064014242e+04,5.000000000000000000e+00
9.218838218088430958e-01,1.524686067064014242e+04,5.000000000000000000e+00
9.218838218088430958e-01,1.468546502041701569e+04,5.000000000000000000e+00
9.218838218088430958e-01,1.468546502041701569e+04,5.000000000000000000e+00
9.218838218088430958e-01,1.468546502041701569e+04,5.000000000000000000e+00
9.218838218088430958e-01,1.468546502041701569e+04,5.000000000000000000e+00
7.804451227689569448e-01,1.638210179076025997e+04,5.000000000000000000e+00
9.218838218088430958e-01,1.468546502041701569e+04,5.000000000000000000e+00
9.218838218088430958e-01,1.468546502041701569e+04,5.000000000000000000e+00
9.218838218088430958e-01,1.468546502041701569e+04,5.000000000000000000e+00
9.218838218088430958e-01,1.524686067064014242e+04,5.000000000000000000e+00
7.792609937689238819e-01,1.638202627413720256e+04,5.000000000000000000e+00
9.218838218088432068e-01,1.468546502041701569e+04,5.000000000000000000e+00
9.218838218088430958e-01,1.524686067064014242e+04,5.000000000000000000e+00
7.792609937689238819e-01,1.638201905190938851e+04,5.000000000000000000e+00
9.218838218088430958e-01,1.524686067064014242e+04,5.000000000000000000e+00
9.218838218088430958e-01,1.524686067064014242e+04,5.000000000000000000e+00
7.804451227689569448e-01,1.638210179076025997e+04,5.000000000000000000e+00
7.803583873157394768e-01,1.662331120942799316e+04,5.000000000000000000e+00
9.218838218088432068e-01,1.468546502041701569e+04,5.000000000000000000e+00
7.786358674989530826e-01,1.662297204892006266e+04,5.000000000000000000e+00
7.792609937689238819e-01,1.638202627413720256e+04,5.000000000000000000e+00
7.804451227689569448e-01,1.638210179076025997e+04,5.000000000000000000e+00
9.218838218088430958e-01,1.524686067064014242e+04,5.000000000000000000e+00
9.218838218088430958e-01,1.524686067064014242e+04,5.000000000000000000e+00
7.804451227689569448e-01,1.638209456853244592e+04,5.000000000000000000e+00
7.803583873157394768e-01,1.662331120942799316e+04,5.000000000000000000e+00
7.786358674989530826e-01,1.662297204892006266e+04,5.000000000000000000e+00
9.218838218088430958e-01,1.524686067064014242e+04,5.000000000000000000e+00
7.804694141787581474e-01,1.638209641010180530e+04,5.000000000000000000e+00
7.792609937689238819e-01,1.638201905190938851e+04,5.000000000000000000e+00
9.218838218088430958e-01,1.468546502041701569e+04,5.000000000000000000e+00
8.169466733548396142e-01,1.283593422064673723e+04,6.000000000000000000e+00
8.209000711029330599e-01,1.200458113980489361e+04,6.000000000000000000e+00
8.206022165174784444e-01,1.420759808337295726e+04,6.000000000000000000e+00
8.211785901328068071e-01,1.420849986858513512e+04,6.000000000000000000e+00
8.213371242220434132e-01,1.256327063078958963e+04,6.000000000000000000e+00
8.169466733548396142e-01,1.283593422064673723e+04,6.000000000000000000e+00
8.221550161155625203e-01,1.256325975081959405e+04,6.000000000000000000e+00
8.080313795600460036e-01,1.283587634881626582e+04,6.000000000000000000e+00
8.169466733548396142e-01,1.283593422064673723e+04,6.000000000000000000e+00
8.191873358545894712e-01,1.420762023791228603e+04,6.000000000000000000e+00
7.936368252316605698e-01,1.228369505474711150e+04,6.000000000000000000e+00
8.210225416700167589e-01,1.200452885612244427e+04,6.000000000000000000e+00
8.209000711029331709e-01,1.200458113980489361e+04,6.000000000000000000e+00
8.209000711029331709e-01,1.200458113980489361e+04,6.000000000000000000e+00
7.646149614149740925e-01,1.339497543216506165e+04,6.000000000000000000e+00
8.221550161155626313e-01,1.256325975081959405e+04,6.000000000000000000e+00
8.221550161155626313e-01,1.256325975081959405e+04,6.000000000000000000e+00
8.193377459443684785e-01,1.420761934226284757e+04,6.000000000000000000e+00
7.936368252316605698e-01,1.228369505474711150e+04,6.000000000000000000e+00
8.210777280919492327e-01,1.200451561517224582e+04,6.000000000000000000e+00
8.210777280919492327e-01,1.200451561517224582e+04,6.000000000000000000e+00
7.942179571713476882e-01,1.228363724868295321e+04,6.000000000000000000e+00
8.138557932305539033e-01,1.283570305943194944e+04,6.000000000000000000e+00
8.210589485266738263e-01,1.200452095807605292e+04,6.000000000000000000e+00
8.206022165174784444e-01,1.420759808337295726e+04,6.000000000000000000e+00
8.080313795600460036e-01,1.283587634881626582e+04,6.000000000000000000e+00
8.192970445323963791e-01,1.420841033101825269e+04,6.000000000000000000e+00
8.221550161155626313e-01,1.256325975081959405e+04,6.000000000000000000e+00
8.221550161155626313e-01,1.256325975081959405e+04,6.000000000000000000e+00
7.936368252316606808e-01,1.228369505474711150e+04,6.000000000000000000e+00
8.206022165174784444e-01,1.420759808337295726e+04,6.000000000000000000e+00
8.210777280919492327e-01,1.200451561517224582e+04,6.000000000000000000e+00
8.209000711029330599e-01,1.200458113980489361e+04,6.000000000000000000e+00
8.198038213758039872e-01,1.420731849884141593e+04,6.000000000000000000e+00
7.942179571713476882e-01,1.228363724868295321e+04,6.000000000000000000e+00
7.936368252316605698e-01,1.228369505474711150e+04,6.000000000000000000e+00
8.209000711029331709e-01,1.200458113980489361e+04,6.000000000000000000e+00
8.169466733548397253e-01,1.283593422064673723e+04,6.000000000000000000e+00
8.209000711029331709e-01,1.200458113980489361e+04,6.000000000000000000e+00
8.211785901328065851e-01,1.256332236344566627e+04,6.000000000000000000e+00
8.210777280919492327e-01,1.200451561517224582e+04,6.000000000000000000e+00
8.210777280919492327e-01,1.200451561517224582e+04,6.000000000000000000e+00
8.221550161155626313e-01,1.256325975081959405e+04,6.000000000000000000e+00
8.136609884394555570e-01,1.283570085223775641e+04,6.000000000000000000e+00
7.931934734703767198e-01,1.228397440920314148e+04,6.000000000000000000e+00
8.211785901328068071e-01,1.256332236344566627e+04,6.000000000000000000e+00
7.931934734703767198e-01,1.228397440920314148e+04,6.000000000000000000e+00
8.206022165174784444e-01,1.420759808337295726e+04,6.000000000000000000e+00
8.213558501918296617e-01,1.256326713023354750e+04,6.000000000000000000e+00
8.138557932305539033e-01,1.283570305943194944e+04,6.000000000000000000e+00
8.209000711029330599e-01,1.200458113980489361e+04,6.000000000000000000e+00
7.646149614149740925e-01,1.339497543216506165e+04,6.000000000000000000e+00
8.210777280919491217e-01,1.200451561517224582e+04,6.000000000000000000e+00
8.192970445323963791e-01,1.420841033101825269e+04,6.000000000000000000e+00
8.210777280919492327e-01,1.200451561517224582e+04,6.000000000000000000e+00
7.931934734703767198e-01,1.228397440920314148e+04,6.000000000000000000e+00
7.936368252316605698e-01,1.228369505474711150e+04,6.000000000000000000e+00
8.221550161155625203e-01,1.256325975081959405e+04,6.000000000000000000e+00
8.210777280919493437e-01,1.200451561517224582e+04,6.000000000000000000e+00
8.192970445323963791e-01,1.420841033101825269e+04,6.000000000000000000e+00
8.209000711029331709e-01,1.200458113980489361e+04,6.000000000000000000e+00
7.931934734703767198e-01,1.228397440920314148e+04,6.000000000000000000e+00
8.210777280919492327e-01,1.200451561517224582e+04,6.000000000000000000e+00
8.211785901328068071e-01,1.256332236344566627e+04,6.000000000000000000e+00
8.210777280919492327e-01,1.200451561517224582e+04,6.000000000000000000e+00
8.211785901328068071e-01,1.420849986858513512e+04,6.000000000000000000e+00
8.211785901328065851e-01,1.256332236344566627e+04,6.000000000000000000e+00
8.192970445323963791e-01,1.420841033101825269e+04,6.000000000000000000e+00
8.212307751051323157e-01,1.420875101861640542e+04,6.000000000000000000e+00
8.212307751051323157e-01,1.420875101861640542e+04,6.000000000000000000e+00
8.221550161155625203e-01,1.256325975081959405e+04,6.000000000000000000e+00
8.192970445323962680e-01,1.420841033101825269e+04,6.000000000000000000e+00
8.211785901328068071e-01,1.256332236344566627e+04,6.000000000000000000e+00
8.210777280919492327e-01,1.200451561517224582e+04,6.000000000000000000e+00
8.198038213758039872e-01,1.420731849884141593e+04,6.000000000000000000e+00
8.080313795600460036e-01,1.283587634881626582e+04,6.000000000000000000e+00
7.936368252316604588e-01,1.228369505474711150e+04,6.000000000000000000e+00
8.192970445323963791e-01,1.420841033101825269e+04,6.000000000000000000e+00
7.936368252316606808e-01,1.228369505474711150e+04,6.000000000000000000e+00
8.193377459443684785e-01,1.420761934226284757e+04,6.000000000000000000e+00
8.209000711029331709e-01,1.200458113980489361e+04,6.000000000000000000e+00
8.209000711029331709e-01,1.200458113980489361e+04,6.000000000000000000e+00
8.209000711029331709e-01,1.200458113980489361e+04,6.000000000000000000e+00
8.192970445323963791e-01,1.420841033101825269e+04,6.000000000000000000e+00
8.211785901328065851e-01,1.420849986858513512e+04,6.000000000000000000e+00
7.507236845296159089e-01,1.386112907672030633e+04,6.000000000000000000e+00
8.209000711029331709e-01,1.200458113980489361e+04,6.000000000000000000e+00
8.209000711029331709e-01,1.200458113980489361e+04,6.000000000000000000e+00
8.209000711029331709e-01,1.200458113980489361e+04,6.000000000000000000e+00
8.209000711029331709e-01,1.200458113980489361e+04,6.000000000000000000e+00
8.210777280919492327e-01,1.200451561517224582e+04,6.000000000000000000e+00
8.211785901328068071e-01,1.256332236344566627e+04,6.000000000000000000e+00
8.210777280919491217e-01,1.200451561517224582e+04,6.000000000000000000e+00
8.209000711029331709e-01,1.200458113980489361e+04,6.000000000000000000e+00
7.936368252316605698e-01,1.228369505474711150e+04,6.000000000000000000e+00
8.080558860691116063e-01,1.283587681887549115e+04,6.000000000000000000e+00
8.210225416700166479e-01,1.200452885612244427e+04,6.000000000000000000e+00
8.169466733548396142e-01,1.283593422064673723e+04,6.000000000000000000e+00
7.936368252316604588e-01,1.228369505474711150e+04,6.000000000000000000e+00
8.169466733548396142e-01,1.283593422064673723e+04,6.000000000000000000e+00
9.469999326858937749e-01,9.873485962819127963e+03,7.000000000000000000e+00
8.115398633194289557e-01,1.109563976746283333e+04,7.000000000000000000e+00
9.469999326858938860e-01,9.873485962819127963e+03,7.000000000000000000e+00
9.452533122887911698e-01,9.873830106194354812e+03,7.000000000000000000e+00
8.352205888107451237e-01,1.136250135312298517e+04,7.000000000000000000e+00
9.474411665474530286e-01,9.873551487403849023e+03,7.000000000000000000e+00
9.469999326858937749e-01,9.873485962819127963e+03,7.000000000000000000e+00
9.453712496701838219e-01,9.873830280059994038e+03,7.000000000000000000e+00
9.472827541108995719e-01,9.873478822290448079e+03,7.000000000000000000e+00
8.073217063240287761e-01,1.136710087361396472e+04,7.000000000000000000e+00
8.368183996771687561e-01,1.097174497492367300e+04,7.000000000000000000e+00
9.474506074906965392e-01,9.873552081637713854e+03,7.000000000000000000e+00
8.368183996771686450e-01,1.097174497492367300e+04,7.000000000000000000e+00
9.435997849484887290e-01,1.042079081568861875e+04,7.000000000000000000e+00
9.470379140136033769e-01,9.873477672342361984e+03,7.000000000000000000e+00
7.933485065725133234e-01,1.104973720677594065e+04,7.000000000000000000e+00
8.521315809646717865e-01,1.082584427749671704e+04,7.000000000000000000e+00
8.368183996771687561e-01,1.097174497492367300e+04,7.000000000000000000e+00
9.433865964854023511e-01,1.042076448322052420e+04,7.000000000000000000e+00
8.370757856726833701e-01,1.097167847882509341e+04,7.000000000000000000e+00
9.433865964854023511e-01,1.042076448322052420e+04,7.000000000000000000e+00
9.435997849484885069e-01,1.042079081568861875e+04,7.000000000000000000e+00
8.115398633194289557e-01,1.109563976746283333e+04,7.000000000000000000e+00
8.302049498095142033e-01,1.320863597559168738e+04,7.000000000000000000e+00
8.126235282413182270e-01,1.124124476356219930e+04,7.000000000000000000e+00
9.469999326858938860e-01,9.873485962819127963e+03,7.000000000000000000e+00
8.353661642431895462e-01,1.124679133859272042e+04,7.000000000000000000e+00
9.453712496701838219e-01,9.873830280059994038e+03,7.000000000000000000e+00
8.062244551806847515e-01,1.081737428521879883e+04,7.000000000000000000e+00
9.474506074906964281e-01,9.873552081637713854e+03,7.000000000000000000e+00
9.469999326858938860e-01,9.873485962819127963e+03,7.000000000000000000e+00
9.472827541108996829e-01,9.873478822290448079e+03,7.000000000000000000e+00
9.452965508868166333e-01,1.042077347345270027e+04,7.000000000000000000e+00
9.472827541108996829e-01,9.873478822290448079e+03,7.000000000000000000e+00
7.979616866416474608e-01,1.230383445686336017e+04,7.000000000000000000e+00
8.369403562411193986e-01,1.097168531267871731e+04,7.000000000000000000e+00
9.478270656018836782e-01,9.873534012398416962e+03,7.000000000000000000e+00
9.469999326858938860e-01,9.873485962819127963e+03,7.000000000000000000e+00
9.452533122887911698e-01,9.873830106194354812e+03,7.000000000000000000e+00
9.469999326858938860e-01,9.873485962819127963e+03,7.000000000000000000e+00
9.469999326858937749e-01,9.873485962819127963e+03,7.000000000000000000e+00
8.021502564080472686e-01,1.075622215175200108e+04,7.000000000000000000e+00
9.469999326858938860e-01,9.873485962819127963e+03,7.000000000000000000e+00
9.469999326858937749e-01,9.873485962819127963e+03,7.000000000000000000e+00
8.368183996771687561e-01,1.097174497492367300e+04,7.000000000000000000e+00
9.433865964854023511e-01,1.042076448322052420e+04,7.000000000000000000e+00
7.911201977170915223e-01,1.205316721819308623e+04,7.000000000000000000e+00
9.469999326858938860e-01,9.873485962819127963e+03,7.000000000000000000e+00
9.469999326858938860e-01,9.873485962819127963e+03,7.000000000000000000e+00
8.062244551806847515e-01,1.081737428521879883e+04,7.000000000000000000e+00
9.452533122887911698e-01,9.873830106194354812e+03,7.000000000000000000e+00
9.433162807040543774e-01,1.042080015702548553e+04,7.000000000000000000e+00
9.433865964854024622e-01,1.042076448322052420e+04,7.000000000000000000e+00
8.531503995550228092e-01,1.081390861532572490e+04,7.000000000000000000e+00
9.469999326858938860e-01,9.873485962819127963e+03,7.000000000000000000e+00
8.266572384292540931e-01,1.320852762750909278e+04,7.000000000000000000e+00
9.433865964854024622e-01,1.042076448322052420e+04,7.000000000000000000e+00
9.435997849484885069e-01,1.042079081568861875e+04,7.000000000000000000e+00
9.474411665474529176e-01,9.873551487403849023e+03,7.000000000000000000e+00
9.452533122887911698e-01,9.873830106194354812e+03,7.000000000000000000e+00
9.474411665474529176e-01,9.873551487403849023e+03,7.000000000000000000e+00
8.368183996771687561e-01,1.097174497492367300e+04,7.000000000000000000e+00
9.453712496701838219e-01,9.873830280059994038e+03,7.000000000000000000e+00
9.435997849484887290e-01,1.042079081568861875e+04,7.000000000000000000e+00
9.438923148437329269e-01,1.042078585898627171e+04,7.000000000000000000e+00
9.470183569856728267e-01,9.873479199562427311e+03,7.000000000000000000e+00
9.469999326858938860e-01,9.873485962819127963e+03,7.000000000000000000e+00
9.433865964854024622e-01,1.042076448322052420e+04,7.000000000000000000e+00
9.478270656018836782e-01,9.873534012398416962e+03,7.000000000000000000e+00
8.370757856726833701e-01,1.097167847882509341e+04,7.000000000000000000e+00
9.440013779409497374e-01,1.042078647507209826e+04,7.000000000000000000e+00
8.369397872290798013e-01,1.097174400345770300e+04,7.000000000000000000e+00
9.438923148437329269e-01,1.042078585898627171e+04,7.000000000000000000e+00
8.382756461983552621e-01,1.113980719277768367e+04,7.000000000000000000e+00
9.472827541108995719e-01,9.873478822290448079e+03,7.000000000000000000e+00
9.474411665474530286e-01,9.873551487403849023e+03,7.000000000000000000e+00
9.469999326858938860e-01,9.873485962819127963e+03,7.000000000000000000e+00
8.021039097941502494e-01,1.075622216641735031e+04,7.000000000000000000e+00
9.469999326858938860e-01,9.873485962819127963e+03,7.000000000000000000e+00
8.521315809646717865e-01,1.082584427749671704e+04,7.000000000000000000e+00
9.452533122887911698e-01,9.873830106194354812e+03,7.000000000000000000e+00
9.433162807040543774e-01,1.042080015702548553e+04,7.000000000000000000e+00
8.368183996771687561e-01,1.097174497492367300e+04,7.000000000000000000e+00
9.433162807040543774e-01,1.042080015702548553e+04,7.000000000000000000e+00
9.469999326858937749e-01,9.873485962819127963e+03,7.000000000000000000e+00
9.478270656018836782e-01,9.873534012398416962e+03,7.000000000000000000e+00
8.525089264879016637e-01,1.081355874688041513e+04,7.000000000000000000e+00
8.021502564080471576e-01,1.075622215175200108e+04,7.000000000000000000e+00
9.474411665474529176e-01,9.873551487403849023e+03,7.000000000000000000e+00
8.116806497341148008e-01,1.109555552844071281e+04,7.000000000000000000e+00
9.470379140136033769e-01,9.873477672342361984e+03,7.000000000000000000e+00
9.444653440470398564e-01,1.042076409499490910e+04,7.000000000000000000e+00
9.469999326858938860e-01,9.873485962819127963e+03,7.000000000000000000e+00
9.469999326858937749e-01,9.873485962819127963e+03,7.000000000000000000e+00
9.469999326858937749e-01,9.873485962819127963e+03,7.000000000000000000e+00
9.469999326858938860e-01,9.873485962819127963e+03,7.000000000000000000e+00
9.472827541108995719e-01,9.873478822290448079e+03,7.000000000000000000e+00
9.469999326858938860e-01,9.873485962819127963e+03,7.000000000000000000e+00
9.469999326858937749e-01,9.873485962819127963e+03,7.000000000000000000e+00
9.469999326858938860e-01,9.873485962819127963e+03,7.000000000000000000e+00
7.573044903208620005e-01,1.034827222653650279e+04,8.000000000000000000e+00
8.884976144440848156e-01,8.700467094092229672e+03,8.000000000000000000e+00
8.466902442491619496e-01,8.881652757086765632e+03,8.000000000000000000e+00
8.457855252100522359e-01,8.881803511939628152e+03,8.000000000000000000e+00
8.462112843461013778e-01,8.881812675398748979e+03,8.000000000000000000e+00
8.650769184611853957e-01,8.997348144411989779e+03,8.000000000000000000e+00
8.456549492609206631e-01,8.881724438321940397e+03,8.000000000000000000e+00
8.884976144440848156e-01,8.700467094092229672e+03,8.000000000000000000e+00
8.455329016483262849e-01,8.881725390724603130e+03,8.000000000000000000e+00
8.246990736130705990e-01,9.422880472990456838e+03,8.000000000000000000e+00
8.806221206704607507e-01,8.928745366571836712e+03,8.000000000000000000e+00
8.848785968267088853e-01,8.840871034700347082e+03,8.000000000000000000e+00
8.799249648727380801e-01,8.817327166899010990e+03,8.000000000000000000e+00
8.246990736130705990e-01,9.422880472990456838e+03,8.000000000000000000e+00
8.465561286522003126e-01,8.881666045792135264e+03,8.000000000000000000e+00
8.892218888814054090e-01,8.841222318604239263e+03,8.000000000000000000e+00
8.856501266961303021e-01,8.840881099456199081e+03,8.000000000000000000e+00
8.856501266961303021e-01,8.840881099456199081e+03,8.000000000000000000e+00
8.894371055168577289e-01,8.841223523716662385e+03,8.000000000000000000e+00
8.856501266961303021e-01,8.840881099456199081e+03,8.000000000000000000e+00
8.899775759056808289e-01,8.831714863901313947e+03,8.000000000000000000e+00
8.465561286522003126e-01,8.881666045792135264e+03,8.000000000000000000e+00
8.856501266961303021e-01,8.840881099456199081e+03,8.000000000000000000e+00
8.848785968267087743e-01,8.840871034700347082e+03,8.000000000000000000e+00
8.265859029052448070e-01,9.422923136470479221e+03,8.000000000000000000e+00
8.650769184611853957e-01,8.997348144411989779e+03,8.000000000000000000e+00
8.458864288532930154e-01,8.881804469149417855e+03,8.000000000000000000e+00
8.903585389102851577e-01,8.831724688221731412e+03,8.000000000000000000e+00
8.899775759056808289e-01,8.831714863901313947e+03,8.000000000000000000e+00
8.650769184611853957e-01,8.997348144411989779e+03,8.000000000000000000e+00
8.466902442491619496e-01,8.881652757086765632e+03,8.000000000000000000e+00
8.650769184611853957e-01,8.997348144411989779e+03,8.000000000000000000e+00
9.029520317131649598e-01,8.783044024969543898e+03,8.000000000000000000e+00
8.856501266961303021e-01,8.840881099456199081e+03,8.000000000000000000e+00
8.455329016483262849e-01,8.881725390724603130e+03,8.000000000000000000e+00
8.465561286522003126e-01,8.881666045792135264e+03,8.000000000000000000e+00
8.246990736130705990e-01,9.422880472990456838e+03,8.000000000000000000e+00
8.455329016483262849e-01,8.881725390724603130e+03,8.000000000000000000e+00
8.478732734303823237e-01,8.881656273984741347e+03,8.000000000000000000e+00
8.468905621193494326e-01,8.881644980369164841e+03,8.000000000000000000e+00
8.468905621193494326e-01,8.881644980369164841e+03,8.000000000000000000e+00
8.850063945656233555e-01,8.840872013930722460e+03,8.000000000000000000e+00
8.246990736130705990e-01,9.422880472990456838e+03,8.000000000000000000e+00
8.806218322055261449e-01,8.928744930118054981e+03,8.000000000000000000e+00
8.894371055168577289e-01,8.841223523716662385e+03,8.000000000000000000e+00
9.020669020055394061e-01,8.782262830533009037e+03,8.000000000000000000e+00
8.856501266961303021e-01,8.840881099456199081e+03,8.000000000000000000e+00
8.455329016483262849e-01,8.881725390724603130e+03,8.000000000000000000e+00
8.246990736130705990e-01,9.422880472990456838e+03,8.000000000000000000e+00
8.455329016483262849e-01,8.881725390724603130e+03,8.000000000000000000e+00
8.478732734303823237e-01,8.881656273984741347e+03,8.000000000000000000e+00
8.864575161205761056e-01,8.728002567742259998e+03,8.000000000000000000e+00
8.462112843461013778e-01,8.881812675398748979e+03,8.000000000000000000e+00
8.462112843461013778e-01,8.881812675398748979e+03,8.000000000000000000e+00
8.470124141278606578e-01,8.881645929661623086e+03,8.000000000000000000e+00
8.478732734303823237e-01,8.881656273984741347e+03,8.000000000000000000e+00
8.865612339784789686e-01,8.775931118194657756e+03,8.000000000000000000e+00
8.455329016483262849e-01,8.881725390724603130e+03,8.000000000000000000e+00
8.894371055168577289e-01,8.841223523716662385e+03,8.000000000000000000e+00
8.856501266961303021e-01,8.840881099456199081e+03,8.000000000000000000e+00
8.856501266961303021e-01,8.840881099456199081e+03,8.000000000000000000e+00
8.856501266961303021e-01,8.840881099456199081e+03,8.000000000000000000e+00
8.903585389102851577e-01,8.792689639114827514e+03,8.000000000000000000e+00
8.873008197912291006e-01,8.840948989299438836e+03,8.000000000000000000e+00
8.894858784652330819e-01,8.831707741551897925e+03,8.000000000000000000e+00
8.865967027358335750e-01,8.776021253588762193e+03,8.000000000000000000e+00
8.462112843461013778e-01,8.881812675398748979e+03,8.000000000000000000e+00
8.991953777437595718e-01,8.783721114268571910e+03,8.000000000000000000e+00
8.899775759056808289e-01,8.831714863901313947e+03,8.000000000000000000e+00
8.856501266961303021e-01,8.840881099456199081e+03,8.000000000000000000e+00
8.650769184611853957e-01,8.997348144411989779e+03,8.000000000000000000e+00
8.465561286522003126e-01,8.881666045792135264e+03,8.000000000000000000e+00
7.725732020541519196e-01,1.036414896989808949e+04,8.000000000000000000e+00
7.934575235931178305e-01,9.888532658272284607e+03,8.000000000000000000e+00
8.266301962914613943e-01,9.422924270958774287e+03,8.000000000000000000e+00
8.478732734303823237e-01,8.881656273984741347e+03,8.000000000000000000e+00
8.809167385986150789e-01,8.988334105944337352e+03,8.000000000000000000e+00
8.246990736130705990e-01,9.422880472990456838e+03,8.000000000000000000e+00
8.856501266961303021e-01,8.840881099456199081e+03,8.000000000000000000e+00
8.856501266961303021e-01,8.840881099456199081e+03,8.000000000000000000e+00
8.892218888814054090e-01,8.841222318604239263e+03,8.000000000000000000e+00
8.884976144440847046e-01,8.700467094092229672e+03,8.000000000000000000e+00
8.892218888814054090e-01,8.841222318604239263e+03,8.000000000000000000e+00
8.455329016483262849e-01,8.881725390724603130e+03,8.000000000000000000e+00
8.856501266961303021e-01,8.840881099456199081e+03,8.000000000000000000e+00
8.455329016483262849e-01,8.881725390724603130e+03,8.000000000000000000e+00
8.782187400992015336e-01,9.081802475137021247e+03,8.000000000000000000e+00
8.650769184611853957e-01,8.997348144411989779e+03,8.000000000000000000e+00
8.892218888814054090e-01,8.841222318604239263e+03,8.000000000000000000e+00
8.848785968267088853e-01,8.840871034700347082e+03,8.000000000000000000e+00
8.856501266961303021e-01,8.840881099456199081e+03,8.000000000000000000e+00
8.455329016483262849e-01,8.881725390724603130e+03,8.000000000000000000e+00
8.856501266961303021e-01,8.840881099456199081e+03,8.000000000000000000e+00
8.650769184611853957e-01,8.997348144411989779e+03,8.000000000000000000e+00
8.856501266961303021e-01,8.840881099456199081e+03,8.000000000000000000e+00
8.478732734303823237e-01,8.881656273984741347e+03,8.000000000000000000e+00
8.799249648727380801e-01,8.988351671739999802e+03,8.000000000000000000e+00
8.884976144440848156e-01,8.700467094092229672e+03,8.000000000000000000e+00
8.866419853879237145e-01,8.840953172782825277e+03,8.000000000000000000e+00
8.650769184611853957e-01,8.997348144411989779e+03,8.000000000000000000e+00
8.915693705207932140e-01,7.854446157351966576e+03,9.000000000000000000e+00
8.613782575153945409e-01,7.981821838232772279e+03,9.000000000000000000e+00
8.879409489723033566e-01,8.024160022877833399e+03,9.000000000000000000e+00
8.906936714478307371e-01,7.843099683951521911e+03,9.000000000000000000e+00
8.761745311647155532e-01,7.751378601139937928e+03,9.000000000000000000e+00
8.219078057657864811e-01,8.054324238309513930e+03,9.000000000000000000e+00
8.432978910632014102e-01,7.905333045349432723e+03,9.000000000000000000e+00
8.900801842260644969e-01,8.024360703625848146e+03,9.000000000000000000e+00
8.879409489723033566e-01,8.024160022877833399e+03,9.000000000000000000e+00
8.542403759193269996e-01,7.876311748175521643e+03,9.000000000000000000e+00
8.334044733312735431e-01,8.038555890341591294e+03,9.000000000000000000e+00
8.559870957201584085e-01,7.844732521563829323e+03,9.000000000000000000e+00
8.841435269136341812e-01,7.810188144428921078e+03,9.000000000000000000e+00
8.923578788633531600e-01,7.854365746996536473e+03,9.000000000000000000e+00
8.943614270932741528e-01,7.802001951379308593e+03,9.000000000000000000e+00
8.915693705207932140e-01,7.854446157351966576e+03,9.000000000000000000e+00
8.815348815333712285e-01,7.742735644091664653e+03,9.000000000000000000e+00
9.107735045246195815e-01,7.824102680271844292e+03,9.000000000000000000e+00
8.879409489723034676e-01,8.024160022877833399e+03,9.000000000000000000e+00
8.879409489723034676e-01,8.024160022877833399e+03,9.000000000000000000e+00
8.759703260983976447e-01,7.751198436269215563e+03,9.000000000000000000e+00
8.613782575153945409e-01,7.981821838232772279e+03,9.000000000000000000e+00
8.915693705207932140e-01,7.854446157351966576e+03,9.000000000000000000e+00
8.915693705207932140e-01,7.854446157351966576e+03,9.000000000000000000e+00
8.652630724653596062e-01,7.889407008298793698e+03,9.000000000000000000e+00
8.686236834739525792e-01,7.920918639955178151e+03,9.000000000000000000e+00
8.613782575153945409e-01,7.981821838232772279e+03,9.000000000000000000e+00
8.560403717191658046e-01,7.844729995189910369e+03,9.000000000000000000e+00
8.920533504161733962e-01,7.854386812419517810e+03,9.000000000000000000e+00
8.915303629217756765e-01,8.023837331690016072e+03,9.000000000000000000e+00
7.949897788981478142e-01,8.041432854193317326e+03,9.000000000000000000e+00
8.645802895225785933e-01,7.889948163994407878e+03,9.000000000000000000e+00
8.413353014909168426e-01,8.354123014121407323e+03,9.000000000000000000e+00
8.942645686685674056e-01,7.854524278566997054e+03,9.000000000000000000e+00
9.104933561892789573e-01,7.821140761799274514e+03,9.000000000000000000e+00
8.946539950268872499e-01,7.854533442026073317e+03,9.000000000000000000e+00
8.613782575153945409e-01,7.981821838232772279e+03,9.000000000000000000e+00
8.813894741904023666e-01,7.866035061108419541e+03,9.000000000000000000e+00
8.613782575153945409e-01,7.981821838232772279e+03,9.000000000000000000e+00
8.946539950268872499e-01,7.854533442026073317e+03,9.000000000000000000e+00
8.915693705207932140e-01,7.854446157351966576e+03,9.000000000000000000e+00
8.613782575153945409e-01,7.981821838232772279e+03,9.000000000000000000e+00
8.634261049903350083e-01,7.889200115877658391e+03,9.000000000000000000e+00
8.913579268405767975e-01,8.023862058506984795e+03,9.000000000000000000e+00
8.813331370617185634e-01,8.020604467695876338e+03,9.000000000000000000e+00
8.614822471092905554e-01,7.981891362110567570e+03,9.000000000000000000e+00
8.928723182535404090e-01,7.854373523714097246e+03,9.000000000000000000e+00
8.913579268405767975e-01,8.023862058506984795e+03,9.000000000000000000e+00
8.268447177862907616e-01,8.250412128142668735e+03,9.000000000000000000e+00
8.845371079846370277e-01,7.810027020367515433e+03,9.000000000000000000e+00
8.879409489723034676e-01,8.024160022877833399e+03,9.000000000000000000e+00
8.278954699486433810e-01,8.250173235114518320e+03,9.000000000000000000e+00
8.897977840247843773e-01,8.023839707706196350e+03,9.000000000000000000e+00
9.055713715246965778e-01,7.823945326571652913e+03,9.000000000000000000e+00
8.946539950268872499e-01,7.854533442026073317e+03,9.000000000000000000e+00
8.433195028077427047e-01,8.089246779610577505e+03,9.000000000000000000e+00
8.109668730853093477e-01,7.963185934515735426e+03,9.000000000000000000e+00
8.614822471092905554e-01,7.981891362110567570e+03,9.000000000000000000e+00
8.592834045301293022e-01,7.845731907154089640e+03,9.000000000000000000e+00
8.928723182535404090e-01,7.854373523714097246e+03,9.000000000000000000e+00
8.915303629217755654e-01,8.023837331690016072e+03,9.000000000000000000e+00
8.946539950268873609e-01,7.854533442026073317e+03,9.000000000000000000e+00
8.020113381458719992e-01,8.305098390728930099e+03,9.000000000000000000e+00
8.942645686685674056e-01,7.854524278566997054e+03,9.000000000000000000e+00
8.208850988218916456e-01,8.046926147598955140e+03,9.000000000000000000e+00
8.915693705207932140e-01,7.854446157351966576e+03,9.000000000000000000e+00
8.767622635087499727e-01,8.483773751009111947e+03,9.000000000000000000e+00
8.484472056116683092e-01,8.376134726222662721e+03,9.000000000000000000e+00
8.815373933245249649e-01,7.865897286935300144e+03,9.000000000000000000e+00
8.897977840247843773e-01,8.023839707706196350e+03,9.000000000000000000e+00
8.593835453606976094e-01,7.845735906839020572e+03,9.000000000000000000e+00
8.942645686685674056e-01,7.854524278566997054e+03,9.000000000000000000e+00
8.915303629217755654e-01,7.854445204949300205e+03,9.000000000000000000e+00
8.941741097162868579e-01,7.801985511239576226e+03,9.000000000000000000e+00
8.915303629217756765e-01,7.854445204949300205e+03,9.000000000000000000e+00
8.614822471092906664e-01,7.981891362110567570e+03,9.000000000000000000e+00
8.839512778037821317e-01,7.862117735081978935e+03,9.000000000000000000e+00
8.592482178236946488e-01,7.845733055513106592e+03,9.000000000000000000e+00
8.648731146341137599e-01,7.889347906400167631e+03,9.000000000000000000e+00
8.946539950268872499e-01,7.854533442026073317e+03,9.000000000000000000e+00
8.879409489723033566e-01,8.024160022877833399e+03,9.000000000000000000e+00
8.920533504161732852e-01,7.854386812419517810e+03,9.000000000000000000e+00
8.913579268405767975e-01,8.023862058506984795e+03,9.000000000000000000e+00
8.915693705207932140e-01,7.854446157351966576e+03,9.000000000000000000e+00
8.915693705207932140e-01,7.854446157351966576e+03,9.000000000000000000e+00
8.416535792721162590e-01,8.354042017905650937e+03,9.000000000000000000e+00
8.634398256065883848e-01,7.876097341929513277e+03,9.000000000000000000e+00
8.422103650860638391e-01,7.928688128088929261e+03,9.000000000000000000e+00
8.750259230641073138e-01,8.483724862993152783e+03,9.000000000000000000e+00
8.484472056116683092e-01,8.376134726222662721e+03,9.000000000000000000e+00
8.856610122694659193e-01,7.865528766814814844e+03,9.000000000000000000e+00
8.900801842260644969e-01,8.024360703625848146e+03,9.000000000000000000e+00
8.652630724653596062e-01,7.889407008298793698e+03,9.000000000000000000e+00
8.942645686685674056e-01,7.854524278566997054e+03,9.000000000000000000e+00
8.915693705207932140e-01,7.854446157351966576e+03,9.000000000000000000e+00
8.915693705207932140e-01,7.854446157351966576e+03,9.000000000000000000e+00
8.928723182535404090e-01,7.854373523714097246e+03,9.000000000000000000e+00
8.613782575153945409e-01,7.981821838232772279e+03,9.000000000000000000e+00
8.942645686685674056e-01,7.854524278566997054e+03,9.000000000000000000e+00
8.853146743177120470e-01,7.810024356542602618e+03,9.000000000000000000e+00
8.541821493704339074e-01,6.932615984553614908e+03,1.000000000000000000e+01
8.926734390920922912e-01,7.005742349993184689e+03,1.000000000000000000e+01
8.750700615223486745e-01,7.107188231446489226e+03,1.000000000000000000e+01
8.899108632123912122e-01,7.005473788788706770e+03,1.000000000000000000e+01
8.781415057547076186e-01,7.088364995937242384e+03,1.000000000000000000e+01
8.461908241591252766e-01,7.544110549553639430e+03,1.000000000000000000e+01
8.531604465936304393e-01,7.369008064396730333e+03,1.000000000000000000e+01
8.866252011409297973e-01,7.075532723097523558e+03,1.000000000000000000e+01
8.807775450474227830e-01,7.165392613986031392e+03,1.000000000000000000e+01
8.835739291385641403e-01,7.332664270451658012e+03,1.000000000000000000e+01
8.960675912231049756e-01,7.014576396576047046e+03,1.000000000000000000e+01
8.820171351862655662e-01,7.081605937441126116e+03,1.000000000000000000e+01
8.934490017834045839e-01,7.116679266509921035e+03,1.000000000000000000e+01
8.960675912231049756e-01,7.014576396576047046e+03,1.000000000000000000e+01
8.223455753524675504e-01,7.182413203972128031e+03,1.000000000000000000e+01
8.373960327500610257e-01,7.136655246502550654e+03,1.000000000000000000e+01
8.852671846645541187e-01,6.915585593291849364e+03,1.000000000000000000e+01
8.160194336073511856e-01,7.559448816828487907e+03,1.000000000000000000e+01
8.318174282457758695e-01,7.545367686610548844e+03,1.000000000000000000e+01
8.264379339540444125e-01,7.616909756313714752e+03,1.000000000000000000e+01
8.796044231930818524e-01,7.070141309222719428e+03,1.000000000000000000e+01
8.809626936036907274e-01,7.075404878978592023e+03,1.000000000000000000e+01
8.821477559902562993e-01,7.110908898521272931e+03,1.000000000000000000e+01
8.255099416360753839e-01,7.370156799128253624e+03,1.000000000000000000e+01
8.196658103104382809e-01,7.245622583078866228e+03,1.000000000000000000e+01
8.879255342965998166e-01,6.956250173360423105e+03,1.000000000000000000e+01
9.015051963515464672e-01,7.016615670986158875e+03,1.000000000000000000e+01
8.845272036040666697e-01,7.081696727968531377e+03,1.000000000000000000e+01
8.921371401312376825e-01,7.005727050401314045e+03,1.000000000000000000e+01
8.024655888537417514e-01,7.485690833729084261e+03,1.000000000000000000e+01
9.015051963515465783e-01,7.016615670986158875e+03,1.000000000000000000e+01
8.884108376868861123e-01,7.384728434221266980e+03,1.000000000000000000e+01
8.150443169583839742e-01,7.338371794614220562e+03,1.000000000000000000e+01
8.806000375902912625e-01,7.165441182611553813e+03,1.000000000000000000e+01
8.923448501743791450e-01,7.055862752436111805e+03,1.000000000000000000e+01
8.902159231852548871e-01,6.902392721373827953e+03,1.000000000000000000e+01
8.073046114921129668e-01,7.338372192825305319e+03,1.000000000000000000e+01
9.015051963515465783e-01,7.016615670986158875e+03,1.000000000000000000e+01
8.884697669906859163e-01,6.886644209155208955e+03,1.000000000000000000e+01
8.453544799217862504e-01,7.544127706172270337e+03,1.000000000000000000e+01
8.845467568903846445e-01,6.883780527191316651e+03,1.000000000000000000e+01
8.762500509192741038e-01,7.273879961461692801e+03,1.000000000000000000e+01
8.205965427635193432e-01,7.655189725580225058e+03,1.000000000000000000e+01
8.862248552953460035e-01,6.956293565475445575e+03,1.000000000000000000e+01
8.266784163819215214e-01,7.209244081207387353e+03,1.000000000000000000e+01
8.903511205270584483e-01,7.005480177994973928e+03,1.000000000000000000e+01
8.926734390920922912e-01,7.005742349993184689e+03,1.000000000000000000e+01
9.015051963515465783e-01,7.016615670986158875e+03,1.000000000000000000e+01
8.853286540616036593e-01,6.915588336304522272e+03,1.000000000000000000e+01
8.792173085907000196e-01,7.081957944285901249e+03,1.000000000000000000e+01
8.872661378916164576e-01,6.886762453014166567e+03,1.000000000000000000e+01
8.898902022955677005e-01,6.954742521133817718e+03,1.000000000000000000e+01
8.859439427469720796e-01,6.956304263640048703e+03,1.000000000000000000e+01
8.802115293114038952e-01,7.169274726993590775e+03,1.000000000000000000e+01
8.613037269996722811e-01,7.349118510238270574e+03,1.000000000000000000e+01
8.929497606574987589e-01,7.384679900656376049e+03,1.000000000000000000e+01
8.211554718368363481e-01,7.371314503763256653e+03,1.000000000000000000e+01
8.980035263978554116e-01,7.014522493337477499e+03,1.000000000000000000e+01
9.015051963515465783e-01,7.016615670986158875e+03,1.000000000000000000e+01
8.763829584467057732e-01,7.105745062143791984e+03,1.000000000000000000e+01
8.817868869507642371e-01,6.917534778148476107e+03,1.000000000000000000e+01
8.948426970290744853e-01,7.116378146696462863e+03,1.000000000000000000e+01
8.850451782340968965e-01,7.384726956799048821e+03,1.000000000000000000e+01
8.319352592103526067e-01,7.214751436729308807e+03,1.000000000000000000e+01
8.756604880935021651e-01,7.172011189923778147e+03,1.000000000000000000e+01
8.159866097743573299e-01,7.559447655114255213e+03,1.000000000000000000e+01
8.981696343433940299e-01,7.014521987593550875e+03,1.000000000000000000e+01
8.082457984742176249e-01,7.241522324746796585e+03,1.000000000000000000e+01
8.643741197008624200e-01,7.531276365285787506e+03,1.000000000000000000e+01
8.902062519432989429e-01,6.886714172478251385e+03,1.000000000000000000e+01
8.205965427635193432e-01,7.655189725580225058e+03,1.000000000000000000e+01
8.781415057547076186e-01,7.088364995937242384e+03,1.000000000000000000e+01
8.759675075600301675e-01,7.085348533076503372e+03,1.000000000000000000e+01
8.771122630132164311e-01,6.966293173247526283e+03,1.000000000000000000e+01
8.853260470639453539e-01,6.883791527590387886e+03,1.000000000000000000e+01
8.707115057323173701e-01,7.112413430065318607e+03,1.000000000000000000e+01
8.849047924029563861e-01,6.970117171730508744e+03,1.000000000000000000e+01
8.906483917871304001e-01,6.886785216923181906e+03,1.000000000000000000e+01
8.898902022955677005e-01,6.954742521133817718e+03,1.000000000000000000e+01
9.015051963515464672e-01,7.016615670986158875e+03,1.000000000000000000e+01
8.467561202031727019e-01,7.544121860563614064e+03,1.000000000000000000e+01
8.895247218929429600e-01,6.883828643983782058e+03,1.000000000000000000e+01
8.853759298488994567e-01,6.915586654455905773e+03,1.000000000000000000e+01
8.884108376868860013e-01,7.384728434221266980e+03,1.000000000000000000e+01
8.806166728473756589e-01,7.038453169595959480e+03,1.000000000000000000e+01
8.616689733840418031e-01,7.349031715639588583e+03,1.000000000000000000e+01
8.264379339540445235e-01,7.616909756313714752e+03,1.000000000000000000e+01
8.318174282457758695e-01,7.545367686610548844e+03,1.000000000000000000e+01
8.264000408371489081e-01,7.186167233749920342e+03,1.000000000000000000e+01
8.265042924881882414e-01,7.616911003305603117e+03,1.000000000000000000e+01
8.862349327383497455e-01,7.388382502310364544e+03,1.000000000000000000e+01
8.796044231930818524e-01,7.070141309222719428e+03,1.000000000000000000e+01
8.843376437859068462e-01,7.071442388373917311e+03,1.000000000000000000e+01
8.194397610476548133e-01,7.370980717532645031e+03,1.000000000000000000e+01
8.717635551504973046e-01,7.071283445521319663e+03,1.000000000000000000e+01
8.790252829336536733e-01,7.169291946138111598e+03,1.000000000000000000e+01
8.747722255537307978e-01,7.107163832535426081e+03,1.000000000000000000e+01
8.560714016530787118e-01,7.258425648108876885e+03,1.000000000000000000e+01
8.960675912231048645e-01,7.014576396576047046e+03,1.000000000000000000e+01
8.848610786426197583e-01,7.388318020815236196e+03,1.000000000000000000e+01
